R 170.0 323.0 732.0 322.0 732.7348382909338 734.9791195048203 170.73483829093385 735.9791195048203 -65536 0
R 265.0 126.0 664.0 120.0 667.0198383541514 320.8192505510654 268.0198383541514 326.8192505510654 -16776961 0
T 265.0 128.0 170.0 322.0 274.0 324.0 -16776961 0
T 662.0 122.0 736.0 326.0 615.0 325.0 -16776961 0
R 668.0 383.0 528.0 384.0 528.5932350390286 467.0529054640069 668.5932350390286 466.0529054640069 -16711681 0
R 350.0 383.0 230.0 383.0 230.0 467.0 350.0 467.0 -16711681 0
R 495.0 584.0 492.0 729.0 378.02809736616905 726.6419606351621 381.02809736616905 581.6419606351621 -16777216 0
T 231.0 385.0 271.0 420.0 270.0 466.0 -256 0
T 350.0 386.0 291.0 466.0 350.0 466.0 -256 0
T 310.0 462.0 309.0 401.0 345.0 399.0 -256 0
T 527.0 383.0 599.0 465.0 528.0 467.0 -256 0
T 597.0 465.0 669.0 382.0 669.0 467.0 -256 0
T 663.0 394.0 602.0 443.0 603.0 461.0 -256 0
T 541.0 415.0 603.0 445.0 595.0 466.0 -256 0
T 272.0 463.0 234.0 462.0 232.0 385.0 -256 1
C 71.5 74.5 38.5 -16711681 0
C 158.0 83.0 60.0 -16711681 0
C 303.5 54.5 46.5 -16711681 0
C 208.5 79.5 76.5 -16711681 0
C 107.0 38.0 49.0 -16711681 0
C 46.5 120.5 41.5 -16711681 0
C 108.5 108.5 55.5 -16711681 0
R 169.0 564.0 0.0 562.0 -2.065814808331875 736.5613513040435 166.93418519166812 738.5613513040435 -16711936 0
R 734.0 546.0 879.0 545.0 880.3235042328546 736.9081137639114 735.3235042328546 737.9081137639114 -16711936 0
C 782.0 100.0 60.0 -16711681 0
C 700.5 73.5 44.5 -16711681 0
C 830.5 178.5 43.5 -16711681 0
C 730.0 144.0 34.0 -16711681 0
C 828.0 71.0 37.0 -16711681 0
C 843.0 122.0 32.0 -16711681 0
C 692.0 120.0 22.0 -16711681 0
C 786.0 176.0 33.0 -16711681 0
C 745.5 45.5 17.5 -16711681 0
C 797.5 39.5 17.5 -16711681 0
C 592.0 62.0 41.0 -16711681 0
C 668.5 59.5 48.5 -16711681 0
C 791.5 89.5 80.5 -16711681 0
C 779.0 110.0 92.0 -16711681 0
C 612.0 66.0 59.0 -16711681 0
