R 534.0 62.0 358.0 28.0 335.180256442176 146.12573135814765 511.180256442176 180.12573135814765 -65536 0
R 237.0 48.0 112.0 126.0 186.38546225067944 245.20747155557603 311.38546225067944 167.20747155557603 -65536 0
R 510.0 243.0 323.0 235.0 314.25076356578086 439.513401649873 501.25076356578086 447.513401649873 -65536 0
C 717.0 166.0 97.0 -16711681 0
C 671.0 401.0 64.0 -16711936 0
T 79.0 305.0 196.0 345.0 108.0 480.0 -65281 0
T 285.0 490.0 531.0 522.0 241.0 594.0 -65281 0
T 454.0 604.0 746.0 540.0 762.0 679.0 -65281 0
T 807.0 319.0 818.0 455.0 556.0 390.0 -65281 0
C 392.5 183.5 45.5 -16777216 0
C 257.0 259.0 45.0 -16777216 0
C 236.0 425.0 61.0 -16777216 0
C 566.0 274.0 49.0 -16777216 0
C 579.5 459.5 51.5 -16777216 0
C 800.5 517.5 34.5 -16777216 0
C 501.0 662.0 23.0 -16777216 0
C 349.0 679.0 39.0 -16777216 0
C 193.0 639.0 47.0 -16777216 0
C 98.0 527.0 54.0 -16777216 0
C 103.0 189.0 55.0 -16777216 0
C 87.5 59.5 42.5 -16777216 0
C 597.0 63.0 33.0 -16777216 0
C 819.5 66.5 51.5 -16777216 0
C 857.5 289.5 50.5 -16777216 0
T 577.0 173.0 543.0 170.0 547.0 149.0 -16776961 0
T 490.0 197.0 459.0 200.0 470.0 231.0 -16776961 0
T 309.0 196.0 342.0 209.0 321.0 229.0 -16776961 0
T 298.0 324.0 319.0 363.0 278.0 363.0 -16776961 0
T 166.0 298.0 195.0 324.0 159.0 323.0 -16776961 0
T 448.0 453.0 476.0 486.0 404.0 488.0 -16776961 0
T 603.0 535.0 573.0 518.0 564.0 543.0 -16776961 0
T 701.0 488.0 726.0 505.0 677.0 522.0 -16776961 0
T 743.0 303.0 759.0 310.0 740.0 320.0 -16776961 0
T 546.0 337.0 568.0 351.0 545.0 357.0 -16776961 0
R 632.0 256.0 711.0 282.0 693.713025878271 334.5258059852537 614.713025878271 308.5258059852537 -256 0
R 524.0 556.0 559.0 575.0 538.1311475409836 613.4426229508197 503.1311475409836 594.4426229508197 -256 0
R 381.0 606.0 406.0 615.0 392.8186968838527 651.614730878187 367.8186968838527 642.614730878187 -256 0
R 246.0 653.0 296.0 669.0 292.34252539912916 680.4296081277213 242.3425253991292 664.4296081277213 -256 0
R 108.0 639.0 127.0 595.0 75.4719198955159 572.7492381367 56.47191989551589 616.7492381367 -256 0
R 163.0 520.0 208.0 498.0 172.23355918692707 424.841371064169 127.23355918692707 446.841371064169 -256 0
R 196.0 233.0 261.0 250.0 241.28466991581746 325.3821444395215 176.28466991581746 308.3821444395215 -256 0
R 175.0 54.0 68.0 50.0 63.478761447884864 170.9431312690798 170.47876144788486 174.9431312690798 -256 0
