R 1.0 417.0 880.0 417.0 880.0 729.0 1.0 729.0 -256 0
R 2.0 237.0 877.0 247.0 874.0267393646544 507.1603055927389 -0.9732606353455875 497.1603055927389 -16776961 0
C 126.0 99.0 78.0 -256 0
R 668.0 349.0 671.0 413.0 428.29890377588305 424.3766138855055 425.29890377588305 360.3766138855055 -16711936 0
T 670.0 408.0 547.0 448.0 433.0 419.0 -16711936 0
T 665.0 336.0 665.0 349.0 547.0 357.0 -16711936 0
T 427.0 360.0 427.0 344.0 576.0 359.0 -16711936 0
R 518.0 173.0 533.0 352.0 555.8396144548441 350.08606582780635 540.8396144548441 171.08606582780635 -16777216 0
R 556.0 169.0 551.0 174.0 553.0 176.0 558.0 171.0 -1 0
R 512.0 85.0 726.0 78.0 730.4647616970226 214.4941433089759 516.4647616970226 221.4941433089759 -16777216 0
C 616.5 136.5 42.5 -1 0
R 554.0 136.0 650.0 210.0 639.6444323441328 223.43424993193574 543.6444323441328 149.43424993193574 -1 0
R 670.0 131.0 571.0 218.0 581.0222797927461 229.40466321243522 680.0222797927461 142.40466321243522 -1 0
C 633.0 122.0 7.0 -16777216 0
C 599.5 124.5 7.5 -16777216 0
R 639.0 144.0 638.0 158.0 593.3705583756346 154.81218274111674 594.3705583756346 140.81218274111674 -16777216 0
C 595.0 279.0 18.0 -16777216 0
R 590.0 298.0 590.0 344.0 606.0 344.0 606.0 298.0 -16777216 0
R 631.0 284.0 636.0 291.0 608.0945945945946 310.93243243243245 603.0945945945946 303.93243243243245 -16777216 0
R 572.0 286.0 566.0 294.0 589.68 311.76 595.68 303.76 -16777216 0
C 601.0 275.0 2.0 -1 0
C 590.0 273.0 2.0 -1 0
R 602.0 286.0 602.0 288.0 592.0 288.0 592.0 286.0 -65536 0
R 199.0 69.0 237.0 56.0 240.36887786732797 65.84748915065096 202.36887786732797 78.84748915065096 -256 0
R 192.0 99.0 224.0 117.0 215.42729970326408 132.24035608308606 183.42729970326408 114.24035608308606 -256 0
R 162.0 134.0 207.0 169.0 203.76923076923077 173.15384615384616 158.76923076923077 138.15384615384616 -256 0
R 139.0 159.0 152.0 188.0 134.6 195.8 121.6 166.8 -256 0
R 117.0 142.0 67.0 193.0 59.42148598314056 185.57008429719662 109.42148598314056 134.57008429719662 -256 0
R 66.0 126.0 23.0 158.0 16.42847198050818 149.16950922380786 59.42847198050818 117.16950922380786 -256 0
R 62.0 92.0 21.0 79.0 27.68972972972973 57.90162162162162 68.68972972972973 70.90162162162162 -256 0
R 91.0 39.0 56.0 20.0 64.82912988650693 3.735813366960908 99.82912988650693 22.735813366960908 -256 0
R 138.0 27.0 148.0 9.0 154.53773584905662 12.632075471698114 144.53773584905662 30.632075471698112 -256 0
R 176.0 39.0 190.0 23.0 195.38053097345133 27.707964601769913 181.38053097345133 43.70796460176991 -256 0
R 297.0 429.0 245.0 436.0 244.98220123501633 435.86778060297854 296.98220123501636 428.86778060297854 -16711681 0
R 186.0 416.0 136.0 416.0 136.0 406.0 186.0 406.0 -16711681 0
R 131.0 367.0 47.0 347.0 47.0 347.0 131.0 367.0 -16711681 0
R 124.0 451.0 68.0 451.0 68.0 451.0 124.0 451.0 -16711681 0
R 203.0 310.0 155.0 301.0 154.19622641509434 305.2867924528302 202.19622641509434 314.2867924528302 -16711681 0
R 373.0 282.0 189.0 296.0 188.40138611535298 288.13250323035356 372.401386115353 274.13250323035356 -16711681 0
R 96.0 285.0 60.0 283.0 60.0 283.0 96.0 285.0 -16711681 0
R 396.0 360.0 288.0 364.0 288.0 364.0 396.0 360.0 -16711681 0
R 621.0 466.0 580.0 471.0 580.0 471.0 621.0 466.0 -16711681 0
R 458.0 473.0 354.0 464.0 354.0 464.0 458.0 473.0 -16711681 0
R 824.0 448.0 737.0 457.0 737.0 457.0 824.0 448.0 -16711681 0
R 823.0 401.0 721.0 410.0 721.0 410.0 823.0 401.0 -16711681 0
R 844.0 342.0 781.0 329.0 781.0 329.0 844.0 342.0 -16711681 0
R 792.0 276.0 658.0 276.0 658.0 276.0 792.0 276.0 -16711681 0
R 734.0 334.0 690.0 326.0 690.0 326.0 734.0 334.0 -16711681 0
R 451.0 314.0 504.0 314.0 504.0 314.0 451.0 314.0 -16711681 0
R 516.0 285.0 406.0 276.0 406.0 276.0 516.0 285.0 -16711681 0
R 858.0 536.0 799.0 543.0 799.0 543.0 858.0 536.0 -1 0
R 819.0 600.0 856.0 595.0 855.2969870875179 589.7977044476327 818.2969870875179 594.7977044476327 -1 0
R 765.0 602.0 849.0 676.0 803.4615384615385 727.6923076923077 719.4615384615385 653.6923076923077 -256 0
R 755.0 685.0 658.0 684.0 658.0009564293305 683.9072263549416 755.0009564293305 684.9072263549416 -1 0
R 570.0 683.0 312.0 678.0 312.0108125966751 677.4420700115635 570.0108125966751 682.4420700115635 -1 0
R 208.0 593.0 130.0 584.0 130.0 584.0 208.0 593.0 -1 0
R 143.0 540.0 56.0 526.0 56.0 526.0 143.0 540.0 -1 0
R 81.0 654.0 28.0 654.0 28.0 654.0 81.0 654.0 -1 0
R 295.0 634.0 455.0 625.0 455.0 625.0 295.0 634.0 -1 0
R 404.0 550.0 563.0 547.0 563.0 547.0 404.0 550.0 -1 0
R 561.0 577.0 667.0 568.0 667.0 568.0 561.0 577.0 -1 0
R 582.0 642.0 679.0 622.0 679.0 622.0 582.0 642.0 -1 0
R 448.0 604.0 556.0 611.0 556.0 611.0 448.0 604.0 -1 0
C 352.5 535.5 5.5 -256 0
C 318.0 580.0 0.0 -256 0
C 261.0 615.0 0.0 -256 0
C 211.0 652.0 0.0 -256 0
C 104.0 675.0 0.0 -256 0
C 122.0 604.0 0.0 -256 0
C 59.0 558.0 0.0 -256 0
C 197.0 532.0 0.0 -256 0
C 216.0 524.0 11.0 -256 0
C 216.5 536.5 10.5 -256 0
C 210.5 556.5 9.5 -256 0
C 206.5 544.5 5.5 -256 0
C 216.0 527.0 12.0 -256 0
C 209.0 521.0 6.0 -256 0
C 193.5 526.5 9.5 -256 0
C 179.5 529.5 4.5 -256 0
C 191.0 546.0 12.0 -256 0
C 201.0 535.0 0.0 -256 0
C 212.0 535.0 0.0 -256 0
C 217.0 537.0 0.0 -256 0
C 204.0 531.0 0.0 -256 0
C 201.0 524.0 0.0 -256 0
C 198.0 519.0 0.0 -256 0
C 189.0 520.0 0.0 -256 0
C 196.0 527.0 0.0 -256 0
C 196.5 526.5 0.5 -256 0
C 194.0 525.0 1.0 -256 0
C 189.0 527.0 3.0 -256 0
C 186.5 537.5 1.5 -256 0
C 197.0 534.0 3.0 -256 0
C 193.5 532.5 0.5 -256 0
C 195.0 543.0 2.0 -256 0
C 199.0 530.0 8.0 -256 0
C 208.5 534.5 0.5 -256 0
C 209.0 531.0 0.0 -256 0
C 202.0 531.0 0.0 -256 0
C 202.0 535.0 0.0 -256 0
C 193.0 535.0 0.0 -256 0
C 199.0 536.0 0.0 -256 0
C 194.0 535.0 0.0 -256 0
C 194.0 531.0 0.0 -256 0
C 195.0 530.0 0.0 -256 0
C 517.5 677.5 8.5 -256 0
C 481.0 688.0 7.0 -256 0
C 484.5 674.5 14.5 -256 0
C 379.5 682.5 12.5 -256 0
C 695.0 682.0 16.0 -256 0
C 751.0 679.0 4.0 -256 0
C 722.0 664.0 0.0 -256 0
C 437.0 73.0 26.0 -16711681 0
C 380.5 88.5 41.5 -16711681 0
C 434.5 110.5 13.5 -16711681 0
C 420.0 110.0 21.0 -16711681 0
C 323.5 91.5 33.5 -16711681 0
R 550.0 43.0 676.0 198.0 449.50755620159896 382.11643818450665 323.50755620159896 227.11643818450665 -256 0
